0 ROTATION CENTER 0 0 0 1 "Custom" 
0 ROTATION CONFIG 0 0
1 16 0 0 0 1 0 0 0 1 0 0 0 1 s\b\b3298s01.dat
0 // Yellow outline
4 14 -10.1629 10.515 -31.03 -11.0868 10.3439 -30.6878 0 1.6648 -13.3296 0.5712 2.112 -14.224
4 14 0.5712 2.112 -14.224 0 1.6648 -13.3296 7.9977 1.6648 -13.3296 6.2839 2.112 -14.224
4 14 6.2839 2.112 -14.224 7.9977 1.6648 -13.3296 1.026 7.1224 -24.2449 0 7.0312 -24.0624
4 14 0 7.0312 -24.0624 1.026 7.1224 -24.2449 0 7.4784 -24.9568 -0.6445 7.5357 -25.0714
4 14 0 7.4784 -24.9568 1.026 7.1224 -24.2449 4.5924 7.4396 -24.8792 4.2097 7.8528 -25.7055
1 14 0 12.3976 -34.7952 0.9239 0 0.3827 0.1711 0.8944 -0.4132 -0.3423 0.4472 0.8263 1-4rin11.dat
1 14 0 12.3976 -34.7952 -0.3827 0 0.9239 0.4132 0.8944 0.1711 -0.8263 0.4472 -0.3423 1-4rin11.dat
1 14 0 12.3976 -34.7952 -0.9239 0 -0.3827 -0.1711 0.8944 0.4132 0.3423 0.4472 -0.8263 1-4rin11.dat
1 14 0 12.3976 -34.7952 0 0 1 0.4472 0.8944 0 -0.8944 0.4472 0 4-4ring5.dat
0 // Red filling
4 4 0.5712 2.112 -14.224 6.2839 2.112 -14.224 -0.6445 7.5357 -25.0714 -4.2097 7.8528 -25.7055
3 4 0.5712 2.112 -14.224 -4.2097 7.8528 -25.7055 -7.7781 8.9192 -27.8385
3 4 0.5712 2.112 -14.224 -7.7781 8.9192 -27.8385 -10.1629 10.515 -31.03
1 4 0 12.3976 -34.7952 0 0 3 1.3416 0.8944 0 -2.6832 0.4472 0 4-4ring2.dat
1 4 0 12.3976 -34.7952 0 0 1 0.4472 0.8944 0 -0.8944 0.4472 0 4-4ring9.dat
1 4 0 12.3976 -34.7952 0 0 1 0.4472 0.8944 0 -0.8944 0.4472 0 4-4rin10.dat
0 // Background
1 16 0 12.3976 -34.7952 0 0 5 2.236 0.8944 0 -4.472 0.4472 0 4-4disc.dat
1 16 0 12.3976 -34.7952 -11.0866 0 -4.5922 -2.0536 0.8944 4.9579 4.1073 0.4472 -9.9159 3-4ndis.dat
4 16 0 1.6648 -13.3296 -20 0.0008 -10.0015 20 0.0008 -10.0015 7.9977 1.6648 -13.3296
4 16 7.9977 1.6648 -13.3296 20 0.0008 -10.0015 15.6788 9.4933 -28.9866 4.5922 7.4397 -24.8793
3 16 7.9977 1.6648 -13.3296 4.5922 7.4397 -24.8793 1.026 7.1224 -24.2449
3 16 15.6788 9.4933 -28.9866 20 0.0008 -10.0015 20 20 -50
3 16 15.6788 9.4933 -28.9866 20 20 -50 6.4944 19.4092 -48.8183
3 16 6.4944 19.4092 -48.8183 20 20 -50 -20 20 -50
3 16 6.4944 19.4092 -48.8183 -20 20 -50 -15.6788 15.3019 -40.6038
3 16 -15.6788 15.3019 -40.6038 -20 20 -50 -20 0.0008 -10.0015
3 16 -15.6788 15.3019 -40.6038 -20 0.0008 -10.0015 -11.0866 10.344 -30.6879
3 16 -11.0866 10.344 -30.6879 -20 0.0008 -10.0015 0 1.6648 -13.3296
0
